{
 "cells": [
  {
   "cell_type": "code",
   "execution_count": 1,
   "id": "3ec556b6-3032-4545-bbc4-90a0f605d79c",
   "metadata": {},
   "outputs": [],
   "source": [
    "import numpy as np"
   ]
  },
  {
   "cell_type": "code",
   "execution_count": 2,
   "id": "672423ea-c56f-4713-b536-417e57ed3f6f",
   "metadata": {},
   "outputs": [
    {
     "name": "stdout",
     "output_type": "stream",
     "text": [
      "原始随机数组 (1x16):\n",
      " [0.74372627 0.60142978 0.25787357 0.07786607 0.93867109 0.87346353\n",
      " 0.43526594 0.08307946 0.04913006 0.90634058 0.53845428 0.69641176\n",
      " 0.16699457 0.27922529 0.90030892 0.18056011]\n",
      "\n",
      "变形后的数组 (4x4):\n",
      " [[0.74372627 0.60142978 0.25787357 0.07786607]\n",
      " [0.93867109 0.87346353 0.43526594 0.08307946]\n",
      " [0.04913006 0.90634058 0.53845428 0.69641176]\n",
      " [0.16699457 0.27922529 0.90030892 0.18056011]]\n",
      "\n",
      "转置后的数组 (4x4):\n",
      " [[0.74372627 0.93867109 0.04913006 0.16699457]\n",
      " [0.60142978 0.87346353 0.90634058 0.27922529]\n",
      " [0.25787357 0.43526594 0.53845428 0.90030892]\n",
      " [0.07786607 0.08307946 0.69641176 0.18056011]]\n",
      "\n",
      "全一数组 (4x4):\n",
      " [[1. 1. 1. 1.]\n",
      " [1. 1. 1. 1.]\n",
      " [1. 1. 1. 1.]\n",
      " [1. 1. 1. 1.]]\n",
      "\n",
      "算术加结果 (4x4):\n",
      " [[1.74372627 1.93867109 1.04913006 1.16699457]\n",
      " [1.60142978 1.87346353 1.90634058 1.27922529]\n",
      " [1.25787357 1.43526594 1.53845428 1.90030892]\n",
      " [1.07786607 1.08307946 1.69641176 1.18056011]]\n",
      "\n",
      "算术减结果 (4x4):\n",
      " [[-0.25627373 -0.06132891 -0.95086994 -0.83300543]\n",
      " [-0.39857022 -0.12653647 -0.09365942 -0.72077471]\n",
      " [-0.74212643 -0.56473406 -0.46154572 -0.09969108]\n",
      " [-0.92213393 -0.91692054 -0.30358824 -0.81943989]]\n",
      "\n",
      "算术乘结果 (4x4):\n",
      " [[0.74372627 0.93867109 0.04913006 0.16699457]\n",
      " [0.60142978 0.87346353 0.90634058 0.27922529]\n",
      " [0.25787357 0.43526594 0.53845428 0.90030892]\n",
      " [0.07786607 0.08307946 0.69641176 0.18056011]]\n",
      "\n",
      "点积结果 (4x4):\n",
      " [[1.89852199 1.89852199 1.89852199 1.89852199]\n",
      " [2.66045919 2.66045919 2.66045919 2.66045919]\n",
      " [2.13190272 2.13190272 2.13190272 2.13190272]\n",
      " [1.03791739 1.03791739 1.03791739 1.03791739]]\n"
     ]
    }
   ],
   "source": [
    "# 1. 通过特定函数, 生成一个16个元素numpy数组, 这些元素为0-1间的随机数\n",
    "random_array = np.random.rand(16)\n",
    "print(\"原始随机数组 (1x16):\\n\", random_array)\n",
    "\n",
    "# 2. 数组进行变形为4x4的数组\n",
    "reshaped_array = random_array.reshape(4, 4)\n",
    "print(\"\\n变形后的数组 (4x4):\\n\", reshaped_array)\n",
    "\n",
    "# 3. 转置数组\n",
    "transposed_array = reshaped_array.T\n",
    "print(\"\\n转置后的数组 (4x4):\\n\", transposed_array)\n",
    "\n",
    "# 4. 创建一个4x4全一数组\n",
    "ones_array = np.ones((4, 4))\n",
    "print(\"\\n全一数组 (4x4):\\n\", ones_array)\n",
    "\n",
    "# 5. 分别进行算术加, 算数减, 算术乘, 以及点积\n",
    "addition_result = transposed_array + ones_array\n",
    "print(\"\\n算术加结果 (4x4):\\n\", addition_result)\n",
    "\n",
    "subtraction_result = transposed_array - ones_array\n",
    "print(\"\\n算术减结果 (4x4):\\n\", subtraction_result)\n",
    "\n",
    "multiplication_result = transposed_array * ones_array\n",
    "print(\"\\n算术乘结果 (4x4):\\n\", multiplication_result)\n",
    "\n",
    "dot_product_result = np.dot(transposed_array, ones_array)\n",
    "print(\"\\n点积结果 (4x4):\\n\", dot_product_result)"
   ]
  },
  {
   "cell_type": "code",
   "execution_count": 3,
   "id": "9df208d0-30f9-48ae-9f61-154aa3511951",
   "metadata": {},
   "outputs": [
    {
     "name": "stdout",
     "output_type": "stream",
     "text": [
      "\n",
      "算术加结果 (一维数组):\n",
      " [1.74372627 1.93867109 1.04913006 1.16699457 1.60142978 1.87346353\n",
      " 1.90634058 1.27922529 1.25787357 1.43526594 1.53845428 1.90030892\n",
      " 1.07786607 1.08307946 1.69641176 1.18056011]\n",
      "\n",
      "算术减结果 (一维数组):\n",
      " [-0.25627373 -0.06132891 -0.95086994 -0.83300543 -0.39857022 -0.12653647\n",
      " -0.09365942 -0.72077471 -0.74212643 -0.56473406 -0.46154572 -0.09969108\n",
      " -0.92213393 -0.91692054 -0.30358824 -0.81943989]\n",
      "\n",
      "算术乘结果 (一维数组):\n",
      " [0.74372627 0.93867109 0.04913006 0.16699457 0.60142978 0.87346353\n",
      " 0.90634058 0.27922529 0.25787357 0.43526594 0.53845428 0.90030892\n",
      " 0.07786607 0.08307946 0.69641176 0.18056011]\n",
      "\n",
      "点积结果 (一维数组):\n",
      " [1.89852199 1.89852199 1.89852199 1.89852199 2.66045919 2.66045919\n",
      " 2.66045919 2.66045919 2.13190272 2.13190272 2.13190272 2.13190272\n",
      " 1.03791739 1.03791739 1.03791739 1.03791739]\n"
     ]
    }
   ],
   "source": [
    "# 6. 最后结果转为一维数组\n",
    "flattened_addition = addition_result.flatten()\n",
    "flattened_subtraction = subtraction_result.flatten()\n",
    "flattened_multiplication = multiplication_result.flatten()\n",
    "flattened_dot_product = dot_product_result.flatten()\n",
    "\n",
    "print(\"\\n算术加结果 (一维数组):\\n\", flattened_addition)\n",
    "print(\"\\n算术减结果 (一维数组):\\n\", flattened_subtraction)\n",
    "print(\"\\n算术乘结果 (一维数组):\\n\", flattened_multiplication)\n",
    "print(\"\\n点积结果 (一维数组):\\n\", flattened_dot_product)"
   ]
  },
  {
   "cell_type": "code",
   "execution_count": null,
   "id": "8fd136e9-4c55-4a59-a30b-e19102b3eac1",
   "metadata": {},
   "outputs": [],
   "source": []
  }
 ],
 "metadata": {
  "kernelspec": {
   "display_name": "Python 3 (ipykernel)",
   "language": "python",
   "name": "python3"
  },
  "language_info": {
   "codemirror_mode": {
    "name": "ipython",
    "version": 3
   },
   "file_extension": ".py",
   "mimetype": "text/x-python",
   "name": "python",
   "nbconvert_exporter": "python",
   "pygments_lexer": "ipython3",
   "version": "3.12.2"
  }
 },
 "nbformat": 4,
 "nbformat_minor": 5
}
